[actorgroup actors=[actor id=hski body=mdl_chr_hski-cstm-0082_body face=mdl_chr_hski-base-0000_face hair=mdl_chr_hski-cstm-0082_hair others=mdl_prp_hifchampionshiptrophy-normal-00_hifchampionshiptrophy] actors=[actor id=hume body=mdl_chr_hume-cstm-0110_body face=mdl_chr_hume-base-0000_face hair=mdl_chr_hume-cstm-0110_hair others=mdl_prp_hifchampionshiptrophy-normal-00_hifchampionshiptrophy] actors=[actor id=atbm body=mdl_chr_atbm-schl-0000_body face=mdl_chr_atbm-base-0000_face hair=mdl_chr_atbm-base-0000_hair] actors=[actor id=krnh body=mdl_chr_krnh-casl-0000_body face=mdl_chr_krnh-base-0000_face hair=mdl_chr_krnh-base-0000_hair] actors=[actor id=jsna body=mdl_chr_jsna-schl-0001_body face=mdl_chr_jsna-base-0000_face hair=mdl_chr_jsna-base-0000_hair]]
[propgroup props=[prop id=trophy prop=mdl_prp_hifchampionshiptrophy-normal-00_hifchampionshiptrophy] props=[prop id=stand prop=mdl_prp_hiftrophypedestal-normal-00_hiftrophypedestal]]
[backgroundgroup backgrounds=[background id=hif-stage src=env_3d_adv_hifstage-00-00-noon]]
[bgmplay bgm=sud_bgm_adv_victory-upper-02 volume=1 clip=\{"_startTime":0.0,"_duration":0.0,"_clipIn":0.0,"_easeInDuration":0.0,"_easeOutDuration":0.0,"_blendInDuration":-1.0,"_blendOutDuration":-1.0,"_mixInEaseType":1,"_mixInCurve":\{"serializedVersion":"2","m_Curve":[],"m_PreInfinity":2,"m_PostInfinity":2,"m_RotationOrder":4\},"_mixOutEaseType":1,"_mixOutCurve":\{"serializedVersion":"2","m_Curve":[],"m_PreInfinity":2,"m_PostInfinity":2,"m_RotationOrder":4\},"_timeScale":1.0\}]
[bgmstop fadeTime=3 clip=\{"_startTime":45.5333340962,"_duration":3.0,"_clipIn":0.0,"_easeInDuration":0.0,"_easeOutDuration":3.0,"_blendInDuration":-1.0,"_blendOutDuration":-1.0,"_mixInEaseType":1,"_mixInCurve":\{"serializedVersion":"2","m_Curve":[],"m_PreInfinity":2,"m_PostInfinity":2,"m_RotationOrder":4\},"_mixOutEaseType":1,"_mixOutCurve":\{"serializedVersion":"2","m_Curve":[],"m_PreInfinity":2,"m_PostInfinity":2,"m_RotationOrder":4\},"_timeScale":1.0\}]
[fade from=1 to=0 ease=AnimationCurve::\{"_curve":\{"serializedVersion":"2","m_Curve":[\{"serializedVersion":"3","time":0.0,"value":0.0,"inSlope":0.0,"outSlope":0.0,"tangentMode":0,"weightedMode":0,"inWeight":0.0,"outWeight":0.0\},\{"serializedVersion":"3","time":1.0,"value":1.0,"inSlope":2.563974380493164,"outSlope":2.563974380493164,"tangentMode":0,"weightedMode":0,"inWeight":0.03587442636489868,"outWeight":0.0\}],"m_PreInfinity":2,"m_PostInfinity":2,"m_RotationOrder":4\}\} clip=\{"_startTime":0.0,"_duration":1.5,"_clipIn":0.0,"_easeInDuration":0.0,"_easeOutDuration":0.0,"_blendInDuration":-1.0,"_blendOutDuration":-1.0,"_mixInEaseType":1,"_mixInCurve":\{"serializedVersion":"2","m_Curve":[],"m_PreInfinity":2,"m_PostInfinity":2,"m_RotationOrder":4\},"_mixOutEaseType":1,"_mixOutCurve":\{"serializedVersion":"2","m_Curve":[],"m_PreInfinity":2,"m_PostInfinity":2,"m_RotationOrder":4\},"_timeScale":1.0\}]
[motionblur setting=\{"shutterAngle":\{"m_OverrideState":true,"m_Value":120.0\}\} clip=\{"_startTime":0.0,"_duration":399.6440205568,"_clipIn":0.0,"_easeInDuration":0.0,"_easeOutDuration":0.0,"_blendInDuration":-1.0,"_blendOutDuration":-1.0,"_mixInEaseType":1,"_mixInCurve":\{"serializedVersion":"2","m_Curve":[],"m_PreInfinity":2,"m_PostInfinity":2,"m_RotationOrder":4\},"_mixOutEaseType":1,"_mixOutCurve":\{"serializedVersion":"2","m_Curve":[],"m_PreInfinity":2,"m_PostInfinity":2,"m_RotationOrder":4\},"_timeScale":1.0\}]
[proplayoutgroup layouts=[proplayout id=trophy transform=\{"position":\{"x":0.0,"y":3.0199999809265138,"z":0.2973647117614746\},"rotation":\{"x":0.0,"y":0.0,"z":0.0\},"scale":\{"x":1.0,"y":1.0,"z":1.0\}\}] layouts=[proplayout id=stand transform=\{"position":\{"x":0.0,"y":2.0,"z":0.2973647117614746\},"rotation":\{"x":0.0,"y":0.0,"z":0.0\},"scale":\{"x":1.0,"y":1.0,"z":1.0\}\}] clip=\{"_startTime":0.0,"_duration":0.0,"_clipIn":0.0,"_easeInDuration":0.0,"_easeOutDuration":0.0,"_blendInDuration":-1.0,"_blendOutDuration":-1.0,"_mixInEaseType":1,"_mixInCurve":\{"serializedVersion":"2","m_Curve":[],"m_PreInfinity":2,"m_PostInfinity":2,"m_RotationOrder":4\},"_mixOutEaseType":1,"_mixOutCurve":\{"serializedVersion":"2","m_Curve":[],"m_PreInfinity":2,"m_PostInfinity":2,"m_RotationOrder":4\},"_timeScale":1.0\}]
[proplayoutgroup layouts=[proplayout id=trophy transform=\{"position":\{"x":0.0,"y":3.0199999809265138,"z":-2.200000047683716\},"rotation":\{"x":0.0,"y":0.0,"z":0.0\},"scale":\{"x":1.0,"y":1.0,"z":1.0\}\}] layouts=[proplayout id=stand transform=\{"position":\{"x":0.0,"y":2.0,"z":-2.200000047683716\},"rotation":\{"x":0.0,"y":0.0,"z":0.0\},"scale":\{"x":1.0,"y":1.0,"z":1.0\}\}] clip=\{"_startTime":43.6056713297,"_duration":0.0,"_clipIn":0.0,"_easeInDuration":0.0,"_easeOutDuration":0.0,"_blendInDuration":-1.0,"_blendOutDuration":-1.0,"_mixInEaseType":1,"_mixInCurve":\{"serializedVersion":"2","m_Curve":[],"m_PreInfinity":2,"m_PostInfinity":2,"m_RotationOrder":4\},"_mixOutEaseType":1,"_mixOutCurve":\{"serializedVersion":"2","m_Curve":[],"m_PreInfinity":2,"m_PostInfinity":2,"m_RotationOrder":4\},"_timeScale":1.0\}]
[proplayoutgroup layouts=[proplayout id=trophy transform=\{"position":\{"x":0.0,"y":3.0199999809265138,"z":-1.0779635906219483\},"rotation":\{"x":0.0,"y":0.0,"z":0.0\},"scale":\{"x":1.0,"y":1.0,"z":1.0\}\}] layouts=[proplayout id=stand transform=\{"position":\{"x":0.0,"y":2.0,"z":-1.077963948249817\},"rotation":\{"x":0.0,"y":0.0,"z":0.0\},"scale":\{"x":1.0,"y":1.0,"z":1.0\}\}] clip=\{"_startTime":86.7919129869,"_duration":0.0,"_clipIn":0.0,"_easeInDuration":0.0,"_easeOutDuration":0.0,"_blendInDuration":-1.0,"_blendOutDuration":-1.0,"_mixInEaseType":1,"_mixInCurve":\{"serializedVersion":"2","m_Curve":[],"m_PreInfinity":2,"m_PostInfinity":2,"m_RotationOrder":4\},"_mixOutEaseType":1,"_mixOutCurve":\{"serializedVersion":"2","m_Curve":[],"m_PreInfinity":2,"m_PostInfinity":2,"m_RotationOrder":4\},"_timeScale":1.0\}]
[proplayoutgroup layouts=[proplayout id=stand transform=\{"position":\{"x":0.0,"y":2.0,"z":-1.077963948249817\},"rotation":\{"x":0.0,"y":0.0,"z":0.0\},"scale":\{"x":1.0,"y":1.0,"z":1.0\}\}] clip=\{"_startTime":196.8897627377,"_duration":0.0,"_clipIn":0.0,"_easeInDuration":0.0,"_easeOutDuration":0.0,"_blendInDuration":-1.0,"_blendOutDuration":-1.0,"_mixInEaseType":1,"_mixInCurve":\{"serializedVersion":"2","m_Curve":[],"m_PreInfinity":2,"m_PostInfinity":2,"m_RotationOrder":4\},"_mixOutEaseType":1,"_mixOutCurve":\{"serializedVersion":"2","m_Curve":[],"m_PreInfinity":2,"m_PostInfinity":2,"m_RotationOrder":4\},"_timeScale":1.0\}]
[proplayoutgroup layouts=[proplayout id=stand transform=\{"position":\{"x":0.0,"y":2.0,"z":-1.077963948249817\},"rotation":\{"x":0.0,"y":0.0,"z":0.0\},"scale":\{"x":1.0,"y":1.0,"z":1.0\}\}] clip=\{"_startTime":204.1667096456,"_duration":0.0,"_clipIn":0.0,"_easeInDuration":0.0,"_easeOutDuration":0.0,"_blendInDuration":-1.0,"_blendOutDuration":-1.0,"_mixInEaseType":1,"_mixInCurve":\{"serializedVersion":"2","m_Curve":[],"m_PreInfinity":2,"m_PostInfinity":2,"m_RotationOrder":4\},"_mixOutEaseType":1,"_mixOutCurve":\{"serializedVersion":"2","m_Curve":[],"m_PreInfinity":2,"m_PostInfinity":2,"m_RotationOrder":4\},"_timeScale":1.0\}]
[proplayoutgroup layouts=[proplayout id=stand transform=\{"position":\{"x":0.0,"y":2.0,"z":-1.077963948249817\},"rotation":\{"x":0.0,"y":0.0,"z":0.0\},"scale":\{"x":1.0,"y":1.0,"z":1.0\}\}] clip=\{"_startTime":208.7000246685,"_duration":0.0,"_clipIn":0.0,"_easeInDuration":0.0,"_easeOutDuration":0.0,"_blendInDuration":-1.0,"_blendOutDuration":-1.0,"_mixInEaseType":1,"_mixInCurve":\{"serializedVersion":"2","m_Curve":[],"m_PreInfinity":2,"m_PostInfinity":2,"m_RotationOrder":4\},"_mixOutEaseType":1,"_mixOutCurve":\{"serializedVersion":"2","m_Curve":[],"m_PreInfinity":2,"m_PostInfinity":2,"m_RotationOrder":4\},"_timeScale":1.0\}]
[proplayoutgroup clip=\{"_startTime":238.2132705373,"_duration":0.0,"_clipIn":0.0,"_easeInDuration":0.0,"_easeOutDuration":0.0,"_blendInDuration":-1.0,"_blendOutDuration":-1.0,"_mixInEaseType":1,"_mixInCurve":\{"serializedVersion":"2","m_Curve":[],"m_PreInfinity":2,"m_PostInfinity":2,"m_RotationOrder":4\},"_mixOutEaseType":1,"_mixOutCurve":\{"serializedVersion":"2","m_Curve":[],"m_PreInfinity":2,"m_PostInfinity":2,"m_RotationOrder":4\},"_timeScale":1.0\}]
[proplayoutgroup layouts=[proplayout id=stand transform=\{"position":\{"x":0.0,"y":2.0,"z":-1.077963948249817\},"rotation":\{"x":0.0,"y":0.0,"z":0.0\},"scale":\{"x":1.0,"y":1.0,"z":1.0\}\}] clip=\{"_startTime":241.0799544973,"_duration":0.0,"_clipIn":0.0,"_easeInDuration":0.0,"_easeOutDuration":0.0,"_blendInDuration":-1.0,"_blendOutDuration":-1.0,"_mixInEaseType":1,"_mixInCurve":\{"serializedVersion":"2","m_Curve":[],"m_PreInfinity":2,"m_PostInfinity":2,"m_RotationOrder":4\},"_mixOutEaseType":1,"_mixOutCurve":\{"serializedVersion":"2","m_Curve":[],"m_PreInfinity":2,"m_PostInfinity":2,"m_RotationOrder":4\},"_timeScale":1.0\}]
[proplayoutgroup clip=\{"_startTime":262.9493002753,"_duration":0.0,"_clipIn":0.0,"_easeInDuration":0.0,"_easeOutDuration":0.0,"_blendInDuration":-1.0,"_blendOutDuration":-1.0,"_mixInEaseType":1,"_mixInCurve":\{"serializedVersion":"2","m_Curve":[],"m_PreInfinity":2,"m_PostInfinity":2,"m_RotationOrder":4\},"_mixOutEaseType":1,"_mixOutCurve":\{"serializedVersion":"2","m_Curve":[],"m_PreInfinity":2,"m_PostInfinity":2,"m_RotationOrder":4\},"_timeScale":1.0\}]
[proplayoutgroup layouts=[proplayout id=stand transform=\{"position":\{"x":0.0,"y":2.0,"z":-1.077963948249817\},"rotation":\{"x":0.0,"y":0.0,"z":0.0\},"scale":\{"x":1.0,"y":1.0,"z":1.0\}\}] clip=\{"_startTime":269.3679630637,"_duration":0.0,"_clipIn":0.0,"_easeInDuration":0.0,"_easeOutDuration":0.0,"_blendInDuration":-1.0,"_blendOutDuration":-1.0,"_mixInEaseType":1,"_mixInCurve":\{"serializedVersion":"2","m_Curve":[],"m_PreInfinity":2,"m_PostInfinity":2,"m_RotationOrder":4\},"_mixOutEaseType":1,"_mixOutCurve":\{"serializedVersion":"2","m_Curve":[],"m_PreInfinity":2,"m_PostInfinity":2,"m_RotationOrder":4\},"_timeScale":1.0\}]
[monitorvideo video=mov_adv_monitor_hifstage-00-00_001 loop=true clip=\{"_startTime":0.0,"_duration":50.4253365722,"_clipIn":0.0,"_easeInDuration":0.0,"_easeOutDuration":0.0,"_blendInDuration":-1.0,"_blendOutDuration":-1.0,"_mixInEaseType":1,"_mixInCurve":\{"serializedVersion":"2","m_Curve":[],"m_PreInfinity":2,"m_PostInfinity":2,"m_RotationOrder":4\},"_mixOutEaseType":1,"_mixOutCurve":\{"serializedVersion":"2","m_Curve":[],"m_PreInfinity":2,"m_PostInfinity":2,"m_RotationOrder":4\},"_timeScale":1.0\}]
[monitorvideo video=mov_adv_monitor_hifstage-00-00_hski-01 clip=\{"_startTime":50.4253365722,"_duration":8.0,"_clipIn":0.0,"_easeInDuration":0.0,"_easeOutDuration":0.0,"_blendInDuration":-1.0,"_blendOutDuration":-1.0,"_mixInEaseType":1,"_mixInCurve":\{"serializedVersion":"2","m_Curve":[],"m_PreInfinity":2,"m_PostInfinity":2,"m_RotationOrder":4\},"_mixOutEaseType":1,"_mixOutCurve":\{"serializedVersion":"2","m_Curve":[],"m_PreInfinity":2,"m_PostInfinity":2,"m_RotationOrder":4\},"_timeScale":1.0\}]
[se se=sud_se_adv_unit-monitor-01 variableDuration=false channel=2 clip=\{"_startTime":50.4253365722,"_duration":7.977,"_clipIn":0.0,"_easeInDuration":0.0,"_easeOutDuration":0.0,"_blendInDuration":-1.0,"_blendOutDuration":-1.0,"_mixInEaseType":1,"_mixInCurve":\{"serializedVersion":"2","m_Curve":[],"m_PreInfinity":2,"m_PostInfinity":2,"m_RotationOrder":4\},"_mixOutEaseType":1,"_mixOutCurve":\{"serializedVersion":"2","m_Curve":[],"m_PreInfinity":2,"m_PostInfinity":2,"m_RotationOrder":4\},"_timeScale":1.0\}]
[monitorvideo video=mov_adv_monitor_hifstage-00-00_hski-02 loop=true clip=\{"_startTime":58.4253365722,"_duration":341.2186839846,"_clipIn":0.0,"_easeInDuration":0.0,"_easeOutDuration":0.0,"_blendInDuration":-1.0,"_blendOutDuration":-1.0,"_mixInEaseType":1,"_mixInCurve":\{"serializedVersion":"2","m_Curve":[],"m_PreInfinity":2,"m_PostInfinity":2,"m_RotationOrder":4\},"_mixOutEaseType":1,"_mixOutCurve":\{"serializedVersion":"2","m_Curve":[],"m_PreInfinity":2,"m_PostInfinity":2,"m_RotationOrder":4\},"_timeScale":1.0\}]
[crowdgroup crowds=[crowd id=mob model=crw_mdl_mix-high_00-00_03 layout=crw_layout_env_3d_adv_hifstage-00-00-noon]]
[crowddisplay id=mob clip=\{"_startTime":0.0,"_duration":399.6440205568,"_clipIn":0.0,"_easeInDuration":0.0,"_easeOutDuration":0.0,"_blendInDuration":-1.0,"_blendOutDuration":-1.0,"_mixInEaseType":1,"_mixInCurve":\{"serializedVersion":"2","m_Curve":[],"m_PreInfinity":2,"m_PostInfinity":2,"m_RotationOrder":4\},"_mixOutEaseType":1,"_mixOutCurve":\{"serializedVersion":"2","m_Curve":[],"m_PreInfinity":2,"m_PostInfinity":2,"m_RotationOrder":4\},"_timeScale":1.0\}]
[crowdpenlightcolor penlightColorData=\{"colorList":[\{"r":5.582449436187744,"g":4.166412353515625,"b":0.0,"a":1.0\},\{"r":0.4919210374355316,"g":0.5190778374671936,"b":5.488804340362549,"a":1.0\},\{"r":0.7228123545646668,"g":4.760591983795166,"b":0.8969990015029907,"a":1.0\},\{"r":7.195952415466309,"g":0.7128065824508667,"b":0.783278226852417,"a":1.0\},\{"r":0.5939436554908752,"g":4.993587970733643,"b":5.036643028259277,"a":1.0\},\{"r":4.760591983795166,"g":0.3987930417060852,"b":1.6699459552764893,"a":1.0\},\{"r":2.4724063873291017,"g":0.9122354388237,"b":0.19825902581214906,"a":1.0\},\{"r":3.5979766845703127,"g":0.4511759281158447,"b":0.35791394114494326,"a":1.0\}]\} clip=\{"_startTime":0.0,"_duration":90.8790949305,"_clipIn":0.0,"_easeInDuration":0.0,"_easeOutDuration":0.0,"_blendInDuration":-1.0,"_blendOutDuration":-1.0,"_mixInEaseType":1,"_mixInCurve":\{"serializedVersion":"2","m_Curve":[],"m_PreInfinity":2,"m_PostInfinity":2,"m_RotationOrder":4\},"_mixOutEaseType":1,"_mixOutCurve":\{"serializedVersion":"2","m_Curve":[],"m_PreInfinity":2,"m_PostInfinity":2,"m_RotationOrder":4\},"_timeScale":1.0\}]
[crowdpenlightcolor penlightColorData=\{"colorList":[\{"r":5.582449436187744,"g":4.166412353515625,"b":0.0,"a":1.0\},\{"r":3.5979766845703127,"g":0.4511759281158447,"b":0.35791394114494326,"a":1.0\},\{"r":0.7228123545646668,"g":4.760591983795166,"b":0.8969990015029907,"a":1.0\},\{"r":7.195952415466309,"g":0.7128065824508667,"b":0.783278226852417,"a":1.0\},\{"r":0.5939436554908752,"g":4.993587970733643,"b":5.036643028259277,"a":1.0\},\{"r":7.195952415466309,"g":0.7128065824508667,"b":0.783278226852417,"a":1.0\},\{"r":2.4724063873291017,"g":0.9122354388237,"b":0.19825902581214906,"a":1.0\},\{"r":7.195952415466309,"g":0.7128065824508667,"b":0.783278226852417,"a":1.0\}]\} clip=\{"_startTime":90.8790949305,"_duration":162.2874931533,"_clipIn":0.0,"_easeInDuration":0.0,"_easeOutDuration":0.0,"_blendInDuration":-1.0,"_blendOutDuration":-1.0,"_mixInEaseType":1,"_mixInCurve":\{"serializedVersion":"2","m_Curve":[],"m_PreInfinity":2,"m_PostInfinity":2,"m_RotationOrder":4\},"_mixOutEaseType":1,"_mixOutCurve":\{"serializedVersion":"2","m_Curve":[],"m_PreInfinity":2,"m_PostInfinity":2,"m_RotationOrder":4\},"_timeScale":1.0\}]
[crowdpenlightcolor penlightColorData=\{"colorList":[\{"r":5.582449436187744,"g":4.166412353515625,"b":0.0,"a":1.0\},\{"r":0.7228123545646668,"g":4.760591983795166,"b":0.8969990015029907,"a":1.0\},\{"r":3.5979766845703127,"g":0.4511759281158447,"b":0.35791394114494326,"a":1.0\},\{"r":0.5939436554908752,"g":4.993587970733643,"b":5.036643028259277,"a":1.0\},\{"r":7.195952415466309,"g":0.7128065824508667,"b":0.783278226852417,"a":1.0\},\{"r":2.4724063873291017,"g":0.9122354388237,"b":0.19825902581214906,"a":1.0\},\{"r":7.195952415466309,"g":0.7128065824508667,"b":0.783278226852417,"a":1.0\},\{"r":7.195952415466309,"g":0.7128065824508667,"b":0.783278226852417,"a":1.0\}]\} clip=\{"_startTime":253.1665880838,"_duration":4.4827058973,"_clipIn":0.0,"_easeInDuration":0.0,"_easeOutDuration":0.0,"_blendInDuration":-1.0,"_blendOutDuration":-1.0,"_mixInEaseType":1,"_mixInCurve":\{"serializedVersion":"2","m_Curve":[],"m_PreInfinity":2,"m_PostInfinity":2,"m_RotationOrder":4\},"_mixOutEaseType":1,"_mixOutCurve":\{"serializedVersion":"2","m_Curve":[],"m_PreInfinity":2,"m_PostInfinity":2,"m_RotationOrder":4\},"_timeScale":1.0\}]
[crowdpenlightcolor penlightColorData=\{"colorList":[\{"r":5.582449436187744,"g":4.166412353515625,"b":0.0,"a":1.0\},\{"r":3.5979766845703127,"g":0.4511759281158447,"b":0.35791394114494326,"a":1.0\},\{"r":0.7228123545646668,"g":4.760591983795166,"b":0.8969990015029907,"a":1.0\},\{"r":7.195952415466309,"g":0.7128065824508667,"b":0.783278226852417,"a":1.0\},\{"r":0.5939436554908752,"g":4.993587970733643,"b":5.036643028259277,"a":1.0\},\{"r":7.195952415466309,"g":0.7128065824508667,"b":0.783278226852417,"a":1.0\},\{"r":2.4724063873291017,"g":0.9122354388237,"b":0.19825902581214906,"a":1.0\},\{"r":7.195952415466309,"g":0.7128065824508667,"b":0.783278226852417,"a":1.0\}]\} clip=\{"_startTime":257.6492939811,"_duration":14.4893367518,"_clipIn":0.0,"_easeInDuration":0.0,"_easeOutDuration":0.0,"_blendInDuration":-1.0,"_blendOutDuration":-1.0,"_mixInEaseType":1,"_mixInCurve":\{"serializedVersion":"2","m_Curve":[],"m_PreInfinity":2,"m_PostInfinity":2,"m_RotationOrder":4\},"_mixOutEaseType":1,"_mixOutCurve":\{"serializedVersion":"2","m_Curve":[],"m_PreInfinity":2,"m_PostInfinity":2,"m_RotationOrder":4\},"_timeScale":1.0\}]
[crowdpenlightcolor penlightColorData=\{"colorList":[\{"r":6.187404155731201,"g":4.683797359466553,"b":0.20430119335651399,"a":1.0\},\{"r":3.7612948417663576,"g":0.27857986092567446,"b":0.19516155123710633,"a":1.0\},\{"r":0.7228123545646668,"g":4.760591983795166,"b":0.8969990015029907,"a":1.0\},\{"r":8.892577171325684,"g":0.7969759702682495,"b":0.924129843711853,"a":1.0\},\{"r":0.24237680435180665,"g":5.67678165435791,"b":5.709322929382324,"a":1.0\},\{"r":7.219084739685059,"g":0.3745751678943634,"b":0.4473887085914612,"a":1.0\},\{"r":3.0274908542633058,"g":0.7791985273361206,"b":0.0,"a":1.0\},\{"r":8.61019229888916,"g":0.4467553198337555,"b":0.5416809916496277,"a":1.0\}]\} clip=\{"_startTime":272.1386307329,"_duration":3.0946753889,"_clipIn":0.0,"_easeInDuration":0.0,"_easeOutDuration":0.0,"_blendInDuration":-1.0,"_blendOutDuration":-1.0,"_mixInEaseType":1,"_mixInCurve":\{"serializedVersion":"2","m_Curve":[],"m_PreInfinity":2,"m_PostInfinity":2,"m_RotationOrder":4\},"_mixOutEaseType":1,"_mixOutCurve":\{"serializedVersion":"2","m_Curve":[],"m_PreInfinity":2,"m_PostInfinity":2,"m_RotationOrder":4\},"_timeScale":1.0\}]
[crowdpenlightcolor penlightColorData=\{"colorList":[\{"r":5.582449436187744,"g":4.166412353515625,"b":0.0,"a":1.0\},\{"r":3.5979766845703127,"g":0.4511759281158447,"b":0.35791394114494326,"a":1.0\},\{"r":0.7228123545646668,"g":4.760591983795166,"b":0.8969990015029907,"a":1.0\},\{"r":7.195952415466309,"g":0.7128065824508667,"b":0.783278226852417,"a":1.0\},\{"r":0.5939436554908752,"g":4.993587970733643,"b":5.036643028259277,"a":1.0\},\{"r":7.195952415466309,"g":0.7128065824508667,"b":0.783278226852417,"a":1.0\},\{"r":2.4724063873291017,"g":0.9122354388237,"b":0.19825902581214906,"a":1.0\},\{"r":7.195952415466309,"g":0.7128065824508667,"b":0.783278226852417,"a":1.0\}]\} clip=\{"_startTime":275.2333061218,"_duration":124.410714435,"_clipIn":0.0,"_easeInDuration":0.0,"_easeOutDuration":0.0,"_blendInDuration":-1.0,"_blendOutDuration":-1.0,"_mixInEaseType":1,"_mixInCurve":\{"serializedVersion":"2","m_Curve":[],"m_PreInfinity":2,"m_PostInfinity":2,"m_RotationOrder":4\},"_mixOutEaseType":1,"_mixOutCurve":\{"serializedVersion":"2","m_Curve":[],"m_PreInfinity":2,"m_PostInfinity":2,"m_RotationOrder":4\},"_timeScale":1.0\}]
[crowdmotion id=mob motion=crw_mot_live_audience_general-011-a_lp setting=\{"skipDuration":1.0,"maxDelay":-0.10000000149011612,"delayRandomSeed":1,"hidePenlight":false\} clip=\{"_startTime":0.0,"_duration":90.8790949305,"_clipIn":0.0,"_easeInDuration":0.0,"_easeOutDuration":0.0,"_blendInDuration":-1.0,"_blendOutDuration":0.0,"_mixInEaseType":1,"_mixInCurve":\{"serializedVersion":"2","m_Curve":[],"m_PreInfinity":2,"m_PostInfinity":2,"m_RotationOrder":4\},"_mixOutEaseType":1,"_mixOutCurve":\{"serializedVersion":"2","m_Curve":[],"m_PreInfinity":2,"m_PostInfinity":2,"m_RotationOrder":4\},"_timeScale":1.0\}]
[crowdoverridemotion id=mob motion=crw_mot_adv_audience_general-000-a_lp setting=\{"skipDuration":0.1,"maxDelay":0.05000000074505806,"delayRandomSeed":1,"hidePenlight":false\} clip=\{"_startTime":0.0,"_duration":90.8790949305,"_clipIn":0.0,"_easeInDuration":0.0,"_easeOutDuration":0.0,"_blendInDuration":-1.0,"_blendOutDuration":-1.0,"_mixInEaseType":1,"_mixInCurve":\{"serializedVersion":"2","m_Curve":[],"m_PreInfinity":2,"m_PostInfinity":2,"m_RotationOrder":4\},"_mixOutEaseType":1,"_mixOutCurve":\{"serializedVersion":"2","m_Curve":[],"m_PreInfinity":2,"m_PostInfinity":2,"m_RotationOrder":4\},"_timeScale":1.0\}]
[crowdlooktarget id=mob setting=\{"type":1,"transform":\{"position":\{"x":-1.0016953945159913,"y":3.5,"z":-6.616870403289795\},"rotation":\{"x":0.0,"y":0.0,"z":0.0\},"scale":\{"x":1.0,"y":1.0,"z":1.0\}\},"actorId":"","bones":10\} clip=\{"_startTime":0.0,"_duration":90.8790949305,"_clipIn":0.0,"_easeInDuration":0.0,"_easeOutDuration":0.0,"_blendInDuration":-1.0,"_blendOutDuration":-1.0,"_mixInEaseType":1,"_mixInCurve":\{"serializedVersion":"2","m_Curve":[],"m_PreInfinity":2,"m_PostInfinity":2,"m_RotationOrder":4\},"_mixOutEaseType":1,"_mixOutCurve":\{"serializedVersion":"2","m_Curve":[],"m_PreInfinity":2,"m_PostInfinity":2,"m_RotationOrder":4\},"_timeScale":1.0\}]
[crowdgroup crowds=[crowd id=mob model=crw_mdl_mix-high_00-00_01 layout=crw_layout_env_3d_adv_hifstage-00-00-noon]]
[crowdmotion id=mob motion=crw_mot_live_audience_general-011-a_lp setting=\{"skipDuration":1.0,"maxDelay":-0.10000000149011612,"delayRandomSeed":1,"hidePenlight":false\} clip=\{"_startTime":90.8790949305,"_duration":140.1208392024,"_clipIn":0.0,"_easeInDuration":0.0,"_easeOutDuration":0.0,"_blendInDuration":0.0,"_blendOutDuration":0.0,"_mixInEaseType":1,"_mixInCurve":\{"serializedVersion":"2","m_Curve":[],"m_PreInfinity":2,"m_PostInfinity":2,"m_RotationOrder":4\},"_mixOutEaseType":1,"_mixOutCurve":\{"serializedVersion":"2","m_Curve":[],"m_PreInfinity":2,"m_PostInfinity":2,"m_RotationOrder":4\},"_timeScale":1.0\}]
[crowdmotion id=mob motion=crw_mot_live_audience_general-010-a_in setting=\{"skipDuration":7.2,"maxDelay":-0.10000000149011612,"delayRandomSeed":1,"hidePenlight":false\} clip=\{"_startTime":230.9999341329,"_duration":3.1333648683,"_clipIn":0.0,"_easeInDuration":0.0,"_easeOutDuration":0.0,"_blendInDuration":0.0,"_blendOutDuration":0.0,"_mixInEaseType":1,"_mixInCurve":\{"serializedVersion":"2","m_Curve":[],"m_PreInfinity":2,"m_PostInfinity":2,"m_RotationOrder":4\},"_mixOutEaseType":1,"_mixOutCurve":\{"serializedVersion":"2","m_Curve":[],"m_PreInfinity":2,"m_PostInfinity":2,"m_RotationOrder":4\},"_timeScale":1.0\}]
[crowdmotion id=mob motion=crw_mot_live_audience_general-011-a_lp setting=\{"skipDuration":7.2,"maxDelay":-0.10000000149011612,"delayRandomSeed":1,"hidePenlight":false\} clip=\{"_startTime":234.1332990012,"_duration":107.9266597122,"_clipIn":0.0,"_easeInDuration":0.0,"_easeOutDuration":0.0,"_blendInDuration":0.0,"_blendOutDuration":0.0,"_mixInEaseType":1,"_mixInCurve":\{"serializedVersion":"2","m_Curve":[],"m_PreInfinity":2,"m_PostInfinity":2,"m_RotationOrder":4\},"_mixOutEaseType":1,"_mixOutCurve":\{"serializedVersion":"2","m_Curve":[],"m_PreInfinity":2,"m_PostInfinity":2,"m_RotationOrder":4\},"_timeScale":1.0\}]
[crowdmotion id=mob motion=crw_mot_live_audience_general-010-a_in setting=\{"skipDuration":5.27,"maxDelay":-0.20000000298023225,"delayRandomSeed":1,"hidePenlight":false\} clip=\{"_startTime":342.0599587134,"_duration":7.6176694616,"_clipIn":0.0,"_easeInDuration":0.0,"_easeOutDuration":0.0,"_blendInDuration":0.0,"_blendOutDuration":0.0,"_mixInEaseType":1,"_mixInCurve":\{"serializedVersion":"2","m_Curve":[],"m_PreInfinity":2,"m_PostInfinity":2,"m_RotationOrder":4\},"_mixOutEaseType":1,"_mixOutCurve":\{"serializedVersion":"2","m_Curve":[],"m_PreInfinity":2,"m_PostInfinity":2,"m_RotationOrder":4\},"_timeScale":1.0\}]
[crowdmotion id=mob motion=crw_mot_live_audience_general-011-a_lp setting=\{"skipDuration":7.2,"maxDelay":-0.10000000149011612,"delayRandomSeed":1,"hidePenlight":false\} clip=\{"_startTime":349.677628175,"_duration":49.9663923818,"_clipIn":0.0,"_easeInDuration":0.0,"_easeOutDuration":0.0,"_blendInDuration":0.0,"_blendOutDuration":0.0,"_mixInEaseType":1,"_mixInCurve":\{"serializedVersion":"2","m_Curve":[],"m_PreInfinity":2,"m_PostInfinity":2,"m_RotationOrder":4\},"_mixOutEaseType":1,"_mixOutCurve":\{"serializedVersion":"2","m_Curve":[],"m_PreInfinity":2,"m_PostInfinity":2,"m_RotationOrder":4\},"_timeScale":1.0\}]
[se se=sud_se_adv_cheers-01 volume=0.6 loop=true channel=1 clip=\{"_startTime":0.0,"_duration":5.773333575,"_clipIn":0.0,"_easeInDuration":1.5,"_easeOutDuration":0.0,"_blendInDuration":-1.0,"_blendOutDuration":-1.0,"_mixInEaseType":0,"_mixInCurve":\{"serializedVersion":"2","m_Curve":[\{"serializedVersion":"3","time":0.0,"value":0.0,"inSlope":0.0,"outSlope":0.0,"tangentMode":0,"weightedMode":0,"inWeight":0.0,"outWeight":0.0\},\{"serializedVersion":"3","time":0.3375217914581299,"value":0.06473084539175034,"inSlope":0.47092148661613467,"outSlope":0.47092148661613467,"tangentMode":0,"weightedMode":0,"inWeight":0.16123011708259583,"outWeight":0.07234708964824677\},\{"serializedVersion":"3","time":1.0,"value":1.0,"inSlope":2.215770721435547,"outSlope":2.215770721435547,"tangentMode":0,"weightedMode":0,"inWeight":0.06448094546794892,"outWeight":0.0\}],"m_PreInfinity":2,"m_PostInfinity":2,"m_RotationOrder":4\},"_mixOutEaseType":1,"_mixOutCurve":\{"serializedVersion":"2","m_Curve":[],"m_PreInfinity":2,"m_PostInfinity":2,"m_RotationOrder":4\},"_timeScale":1.0\}]
[se se=sud_se_adv_cheers-01 volume=0.6 loop=true clip=\{"_startTime":5.773333575,"_duration":8.2423328465,"_clipIn":0.0,"_easeInDuration":0.0,"_easeOutDuration":0.0,"_blendInDuration":0.0,"_blendOutDuration":0.0,"_mixInEaseType":1,"_mixInCurve":\{"serializedVersion":"2","m_Curve":[],"m_PreInfinity":2,"m_PostInfinity":2,"m_RotationOrder":4\},"_mixOutEaseType":1,"_mixOutCurve":\{"serializedVersion":"2","m_Curve":[],"m_PreInfinity":2,"m_PostInfinity":2,"m_RotationOrder":4\},"_timeScale":1.0\}]
[se se=sud_se_adv_cheers-01 volume=0.6 loop=true channel=1 clip=\{"_startTime":14.0156664215,"_duration":15.5063369731,"_clipIn":0.0,"_easeInDuration":0.0,"_easeOutDuration":0.0,"_blendInDuration":-1.0,"_blendOutDuration":0.0,"_mixInEaseType":1,"_mixInCurve":\{"serializedVersion":"2","m_Curve":[],"m_PreInfinity":2,"m_PostInfinity":2,"m_RotationOrder":4\},"_mixOutEaseType":1,"_mixOutCurve":\{"serializedVersion":"2","m_Curve":[],"m_PreInfinity":2,"m_PostInfinity":2,"m_RotationOrder":4\},"_timeScale":1.0\}]
[se se=sud_se_adv_cheers-01 volume=0.6 loop=true channel=1 clip=\{"_startTime":29.5220033946,"_duration":7.7753331971,"_clipIn":0.0,"_easeInDuration":0.0,"_easeOutDuration":0.0,"_blendInDuration":0.0,"_blendOutDuration":0.0,"_mixInEaseType":1,"_mixInCurve":\{"serializedVersion":"2","m_Curve":[],"m_PreInfinity":2,"m_PostInfinity":2,"m_RotationOrder":4\},"_mixOutEaseType":1,"_mixOutCurve":\{"serializedVersion":"2","m_Curve":[],"m_PreInfinity":2,"m_PostInfinity":2,"m_RotationOrder":4\},"_timeScale":1.0\}]
[se se=sud_se_adv_cheers-01 volume=0.6 loop=true channel=1 clip=\{"_startTime":37.2973365917,"_duration":6.308334738,"_clipIn":0.0,"_easeInDuration":0.0,"_easeOutDuration":0.0,"_blendInDuration":0.0,"_blendOutDuration":0.0,"_mixInEaseType":1,"_mixInCurve":\{"serializedVersion":"2","m_Curve":[],"m_PreInfinity":2,"m_PostInfinity":2,"m_RotationOrder":4\},"_mixOutEaseType":1,"_mixOutCurve":\{"serializedVersion":"2","m_Curve":[],"m_PreInfinity":2,"m_PostInfinity":2,"m_RotationOrder":4\},"_timeScale":1.0\}]
[se se=sud_se_adv_cheers-01 volume=0.6 loop=false channel=1 clip=\{"_startTime":43.6056713297,"_duration":3.6666632752,"_clipIn":0.0,"_easeInDuration":0.0,"_easeOutDuration":1.0,"_blendInDuration":0.0,"_blendOutDuration":0.0,"_mixInEaseType":1,"_mixInCurve":\{"serializedVersion":"2","m_Curve":[],"m_PreInfinity":2,"m_PostInfinity":2,"m_RotationOrder":4\},"_mixOutEaseType":1,"_mixOutCurve":\{"serializedVersion":"2","m_Curve":[],"m_PreInfinity":2,"m_PostInfinity":2,"m_RotationOrder":4\},"_timeScale":1.0\}]
[se se=sud_se_adv_cheers-01 volume=0.6 loop=true channel=1 clip=\{"_startTime":56.4000002544,"_duration":47.1666631061,"_clipIn":0.0,"_easeInDuration":0.2,"_easeOutDuration":2.0,"_blendInDuration":0.0,"_blendOutDuration":0.0,"_mixInEaseType":1,"_mixInCurve":\{"serializedVersion":"2","m_Curve":[],"m_PreInfinity":2,"m_PostInfinity":2,"m_RotationOrder":4\},"_mixOutEaseType":1,"_mixOutCurve":\{"serializedVersion":"2","m_Curve":[],"m_PreInfinity":2,"m_PostInfinity":2,"m_RotationOrder":4\},"_timeScale":1.0\}]
[se se=sud_se_adv_cheers-02 volume=0.8 loop=false variableDuration=false channel=2 clip=\{"_startTime":65.6796647434,"_duration":5.3536708787,"_clipIn":0.0,"_easeInDuration":0.5,"_easeOutDuration":2.0,"_blendInDuration":0.0,"_blendOutDuration":0.0,"_mixInEaseType":1,"_mixInCurve":\{"serializedVersion":"2","m_Curve":[],"m_PreInfinity":2,"m_PostInfinity":2,"m_RotationOrder":4\},"_mixOutEaseType":1,"_mixOutCurve":\{"serializedVersion":"2","m_Curve":[],"m_PreInfinity":2,"m_PostInfinity":2,"m_RotationOrder":4\},"_timeScale":1.0\}]
[lightgroup lights=[light id=spot_torophy definition=\{"type":2,"lightData":\{"type":0,"customLightingType":0,"indirectLighting":true,"renderingLayer":1,"shadows":2,"shadowRenderingLayers":5\}\}] lights=[light id=spot_torophy2 definition=\{"type":2,"lightData":\{"type":0,"customLightingType":0,"indirectLighting":true,"renderingLayer":1,"shadows":0,"shadowRenderingLayers":0\}\}] lights=[light id=point_monitor definition=\{"type":0,"lightData":\{"type":2,"customLightingType":0,"indirectLighting":true,"renderingLayer":1,"shadows":0,"shadowRenderingLayers":0\}\}] lights=[light id=point_monitor2 definition=\{"type":0,"lightData":\{"type":2,"customLightingType":0,"indirectLighting":true,"renderingLayer":1,"shadows":0,"shadowRenderingLayers":0\}\}] lights=[light id=point_area01 definition=\{"type":0,"lightData":\{"type":2,"customLightingType":0,"indirectLighting":true,"renderingLayer":1,"shadows":0,"shadowRenderingLayers":0\}\}] lights=[light id=point_area02 definition=\{"type":0,"lightData":\{"type":2,"customLightingType":0,"indirectLighting":true,"renderingLayer":1,"shadows":0,"shadowRenderingLayers":0\}\}]]
[lightmapvolume setting=\{"color":\{"m_OverrideState":true,"m_Value":\{"r":1.0,"g":1.0,"b":1.0,"a":1.0\}\},"intensity":\{"m_OverrideState":true,"m_Value":1.0\},"reflectionScale":\{"m_OverrideState":false,"m_Value":0.0\}\} clip=\{"_startTime":0.0,"_duration":5.773333575,"_clipIn":0.0,"_easeInDuration":0.0,"_easeOutDuration":0.0,"_blendInDuration":-1.0,"_blendOutDuration":-1.0,"_mixInEaseType":1,"_mixInCurve":\{"serializedVersion":"2","m_Curve":[],"m_PreInfinity":2,"m_PostInfinity":2,"m_RotationOrder":4\},"_mixOutEaseType":1,"_mixOutCurve":\{"serializedVersion":"2","m_Curve":[],"m_PreInfinity":2,"m_PostInfinity":2,"m_RotationOrder":4\},"_timeScale":1.0\}]
[lightmapvolume setting=\{"color":\{"m_OverrideState":true,"m_Value":\{"r":1.0,"g":1.0,"b":1.0,"a":1.0\}\},"intensity":\{"m_OverrideState":true,"m_Value":0.5\},"reflectionScale":\{"m_OverrideState":false,"m_Value":0.0\}\} clip=\{"_startTime":14.0156664215,"_duration":15.5063369731,"_clipIn":0.0,"_easeInDuration":0.0,"_easeOutDuration":0.0,"_blendInDuration":0.0,"_blendOutDuration":0.0,"_mixInEaseType":1,"_mixInCurve":\{"serializedVersion":"2","m_Curve":[],"m_PreInfinity":2,"m_PostInfinity":2,"m_RotationOrder":4\},"_mixOutEaseType":1,"_mixOutCurve":\{"serializedVersion":"2","m_Curve":[],"m_PreInfinity":2,"m_PostInfinity":2,"m_RotationOrder":4\},"_timeScale":1.0\}]
[lightmapvolume setting=\{"color":\{"m_OverrideState":true,"m_Value":\{"r":1.0,"g":1.0,"b":1.0,"a":1.0\}\},"intensity":\{"m_OverrideState":true,"m_Value":1.0\},"reflectionScale":\{"m_OverrideState":false,"m_Value":0.0\}\} clip=\{"_startTime":37.2973365917,"_duration":6.308334738,"_clipIn":0.0,"_easeInDuration":0.0,"_easeOutDuration":0.0,"_blendInDuration":-1.0,"_blendOutDuration":0.0,"_mixInEaseType":1,"_mixInCurve":\{"serializedVersion":"2","m_Curve":[],"m_PreInfinity":2,"m_PostInfinity":2,"m_RotationOrder":4\},"_mixOutEaseType":1,"_mixOutCurve":\{"serializedVersion":"2","m_Curve":[],"m_PreInfinity":2,"m_PostInfinity":2,"m_RotationOrder":4\},"_timeScale":1.0\}]
[lightmapvolume setting=\{"color":\{"m_OverrideState":true,"m_Value":\{"r":1.0,"g":1.0,"b":1.0,"a":1.0\}\},"intensity":\{"m_OverrideState":true,"m_Value":0.5\},"reflectionScale":\{"m_OverrideState":false,"m_Value":0.0\}\} clip=\{"_startTime":43.6056713297,"_duration":6.8196652425,"_clipIn":0.0,"_easeInDuration":0.0,"_easeOutDuration":0.0,"_blendInDuration":0.0,"_blendOutDuration":0.0,"_mixInEaseType":1,"_mixInCurve":\{"serializedVersion":"2","m_Curve":[],"m_PreInfinity":2,"m_PostInfinity":2,"m_RotationOrder":4\},"_mixOutEaseType":1,"_mixOutCurve":\{"serializedVersion":"2","m_Curve":[],"m_PreInfinity":2,"m_PostInfinity":2,"m_RotationOrder":4\},"_timeScale":1.0\}]
[lightmapvolume setting=\{"color":\{"m_OverrideState":true,"m_Value":\{"r":1.0,"g":1.0,"b":1.0,"a":1.0\}\},"intensity":\{"m_OverrideState":true,"m_Value":1.0\},"reflectionScale":\{"m_OverrideState":false,"m_Value":0.0\}\} clip=\{"_startTime":50.4253365722,"_duration":10.9543291885,"_clipIn":0.0,"_easeInDuration":0.0,"_easeOutDuration":0.0,"_blendInDuration":0.0,"_blendOutDuration":0.0,"_mixInEaseType":1,"_mixInCurve":\{"serializedVersion":"2","m_Curve":[],"m_PreInfinity":2,"m_PostInfinity":2,"m_RotationOrder":4\},"_mixOutEaseType":1,"_mixOutCurve":\{"serializedVersion":"2","m_Curve":[],"m_PreInfinity":2,"m_PostInfinity":2,"m_RotationOrder":4\},"_timeScale":1.0\}]
[lightmapvolume setting=\{"color":\{"m_OverrideState":true,"m_Value":\{"r":1.0,"g":1.0,"b":1.0,"a":1.0\}\},"intensity":\{"m_OverrideState":true,"m_Value":0.4000000059604645\},"reflectionScale":\{"m_OverrideState":false,"m_Value":0.0\}\} clip=\{"_startTime":61.3796657607,"_duration":1.4999989827,"_clipIn":0.0,"_easeInDuration":0.0,"_easeOutDuration":0.0,"_blendInDuration":0.0,"_blendOutDuration":0.0,"_mixInEaseType":1,"_mixInCurve":\{"serializedVersion":"2","m_Curve":[],"m_PreInfinity":2,"m_PostInfinity":2,"m_RotationOrder":4\},"_mixOutEaseType":1,"_mixOutCurve":\{"serializedVersion":"2","m_Curve":[],"m_PreInfinity":2,"m_PostInfinity":2,"m_RotationOrder":4\},"_timeScale":1.0\}]
[lightmapvolume setting=\{"color":\{"m_OverrideState":true,"m_Value":\{"r":1.0,"g":1.0,"b":1.0,"a":1.0\}\},"intensity":\{"m_OverrideState":true,"m_Value":0.6000000238418579\},"reflectionScale":\{"m_OverrideState":false,"m_Value":0.0\}\} clip=\{"_startTime":62.8796647434,"_duration":2.8,"_clipIn":0.0,"_easeInDuration":0.0,"_easeOutDuration":0.0,"_blendInDuration":0.0,"_blendOutDuration":0.0,"_mixInEaseType":1,"_mixInCurve":\{"serializedVersion":"2","m_Curve":[],"m_PreInfinity":2,"m_PostInfinity":2,"m_RotationOrder":4\},"_mixOutEaseType":1,"_mixOutCurve":\{"serializedVersion":"2","m_Curve":[],"m_PreInfinity":2,"m_PostInfinity":2,"m_RotationOrder":4\},"_timeScale":1.0\}]
[lightmapvolume setting=\{"color":\{"m_OverrideState":true,"m_Value":\{"r":1.0,"g":1.0,"b":1.0,"a":1.0\}\},"intensity":\{"m_OverrideState":true,"m_Value":1.0\},"reflectionScale":\{"m_OverrideState":false,"m_Value":0.0\}\} clip=\{"_startTime":65.6796647434,"_duration":7.6846661046,"_clipIn":0.0,"_easeInDuration":0.0,"_easeOutDuration":0.0,"_blendInDuration":0.0,"_blendOutDuration":0.0,"_mixInEaseType":1,"_mixInCurve":\{"serializedVersion":"2","m_Curve":[],"m_PreInfinity":2,"m_PostInfinity":2,"m_RotationOrder":4\},"_mixOutEaseType":1,"_mixOutCurve":\{"serializedVersion":"2","m_Curve":[],"m_PreInfinity":2,"m_PostInfinity":2,"m_RotationOrder":4\},"_timeScale":1.0\}]
[lightmapvolume setting=\{"color":\{"m_OverrideState":true,"m_Value":\{"r":1.0,"g":1.0,"b":1.0,"a":1.0\}\},"intensity":\{"m_OverrideState":true,"m_Value":1.7000000476837159\},"reflectionScale":\{"m_OverrideState":false,"m_Value":0.0\}\} clip=\{"_startTime":76.380927233,"_duration":4.9977425274,"_clipIn":0.0,"_easeInDuration":0.0,"_easeOutDuration":0.0,"_blendInDuration":0.0,"_blendOutDuration":0.0,"_mixInEaseType":1,"_mixInCurve":\{"serializedVersion":"2","m_Curve":[],"m_PreInfinity":2,"m_PostInfinity":2,"m_RotationOrder":4\},"_mixOutEaseType":1,"_mixOutCurve":\{"serializedVersion":"2","m_Curve":[],"m_PreInfinity":2,"m_PostInfinity":2,"m_RotationOrder":4\},"_timeScale":1.0\}]
[lightmapvolume setting=\{"color":\{"m_OverrideState":true,"m_Value":\{"r":1.0,"g":1.0,"b":1.0,"a":1.0\}\},"intensity":\{"m_OverrideState":true,"m_Value":0.5\},"reflectionScale":\{"m_OverrideState":false,"m_Value":0.0\}\} clip=\{"_startTime":81.3786697604,"_duration":2.0534221686,"_clipIn":0.0,"_easeInDuration":0.0,"_easeOutDuration":0.0,"_blendInDuration":0.0,"_blendOutDuration":0.0,"_mixInEaseType":1,"_mixInCurve":\{"serializedVersion":"2","m_Curve":[],"m_PreInfinity":2,"m_PostInfinity":2,"m_RotationOrder":4\},"_mixOutEaseType":1,"_mixOutCurve":\{"serializedVersion":"2","m_Curve":[],"m_PreInfinity":2,"m_PostInfinity":2,"m_RotationOrder":4\},"_timeScale":1.0\}]
[lightmapvolume setting=\{"color":\{"m_OverrideState":true,"m_Value":\{"r":1.0,"g":1.0,"b":1.0,"a":1.0\}\},"intensity":\{"m_OverrideState":true,"m_Value":1.5\},"reflectionScale":\{"m_OverrideState":false,"m_Value":0.0\}\} clip=\{"_startTime":83.432091929,"_duration":3.3598210579,"_clipIn":0.0,"_easeInDuration":0.0,"_easeOutDuration":0.0,"_blendInDuration":0.0,"_blendOutDuration":0.0,"_mixInEaseType":1,"_mixInCurve":\{"serializedVersion":"2","m_Curve":[],"m_PreInfinity":2,"m_PostInfinity":2,"m_RotationOrder":4\},"_mixOutEaseType":1,"_mixOutCurve":\{"serializedVersion":"2","m_Curve":[],"m_PreInfinity":2,"m_PostInfinity":2,"m_RotationOrder":4\},"_timeScale":1.0\}]
[lightmapvolume setting=\{"color":\{"m_OverrideState":true,"m_Value":\{"r":1.0,"g":1.0,"b":1.0,"a":1.0\}\},"intensity":\{"m_OverrideState":true,"m_Value":2.5\},"reflectionScale":\{"m_OverrideState":false,"m_Value":0.0\}\} clip=\{"_startTime":86.7919129869,"_duration":4.0871819436,"_clipIn":0.0,"_easeInDuration":0.0,"_easeOutDuration":0.0,"_blendInDuration":0.0,"_blendOutDuration":0.0,"_mixInEaseType":1,"_mixInCurve":\{"serializedVersion":"2","m_Curve":[],"m_PreInfinity":2,"m_PostInfinity":2,"m_RotationOrder":4\},"_mixOutEaseType":1,"_mixOutCurve":\{"serializedVersion":"2","m_Curve":[],"m_PreInfinity":2,"m_PostInfinity":2,"m_RotationOrder":4\},"_timeScale":1.0\}]
[lightmapvolume setting=\{"color":\{"m_OverrideState":true,"m_Value":\{"r":1.0,"g":1.0,"b":1.0,"a":1.0\}\},"intensity":\{"m_OverrideState":true,"m_Value":2.0\},"reflectionScale":\{"m_OverrideState":false,"m_Value":0.0\}\} clip=\{"_startTime":90.8790949305,"_duration":10.7463628823,"_clipIn":0.0,"_easeInDuration":0.0,"_easeOutDuration":0.0,"_blendInDuration":0.0,"_blendOutDuration":0.0,"_mixInEaseType":1,"_mixInCurve":\{"serializedVersion":"2","m_Curve":[],"m_PreInfinity":2,"m_PostInfinity":2,"m_RotationOrder":4\},"_mixOutEaseType":1,"_mixOutCurve":\{"serializedVersion":"2","m_Curve":[],"m_PreInfinity":2,"m_PostInfinity":2,"m_RotationOrder":4\},"_timeScale":1.0\}]
[lightmapvolume setting=\{"color":\{"m_OverrideState":true,"m_Value":\{"r":1.0,"g":1.0,"b":1.0,"a":1.0\}\},"intensity":\{"m_OverrideState":true,"m_Value":2.0\},"reflectionScale":\{"m_OverrideState":false,"m_Value":0.0\}\} clip=\{"_startTime":104.8703941636,"_duration":52.4831557932,"_clipIn":0.0,"_easeInDuration":0.0,"_easeOutDuration":0.0,"_blendInDuration":0.0,"_blendOutDuration":0.0,"_mixInEaseType":1,"_mixInCurve":\{"serializedVersion":"2","m_Curve":[],"m_PreInfinity":2,"m_PostInfinity":2,"m_RotationOrder":4\},"_mixOutEaseType":1,"_mixOutCurve":\{"serializedVersion":"2","m_Curve":[],"m_PreInfinity":2,"m_PostInfinity":2,"m_RotationOrder":4\},"_timeScale":1.0\}]
